157,220,128
421,424,182
500,248,161
233,129,171
299,345,118
340,98,123
287,178,195
161,30,129
291,382,134
375,61,187
468,486,176
64,237,110
405,153,156
262,0,168
153,41,150
217,482,166
145,410,105
161,301,169
89,465,156
239,492,183
217,385,182
414,134,189
14,288,162
122,479,181
438,271,160
301,4,173
404,13,128
327,417,113
431,402,196
1,32,104
66,271,161
185,371,161
308,80,116
373,420,109
467,127,185
316,208,117
233,206,169
393,364,134
247,428,123
242,479,197
351,70,164
255,203,118
328,356,149
97,103,125
398,252,144
370,3,161
441,172,114
346,7,136
311,319,174
49,204,138
210,437,177
387,94,142
131,329,183
178,135,175
488,214,146
476,261,134
240,206,171
337,466,190
422,60,151
401,354,197
87,470,115
162,236,158
303,277,167
473,391,152
214,268,196
232,442,140
123,298,135
438,139,138
181,180,165
105,238,167
58,382,138
462,433,155
198,488,183
251,327,108
51,345,112
365,427,193
308,169,128
464,132,104
358,157,109
39,276,177
173,388,136
41,21,155
408,357,101
229,42,143
156,324,101
358,348,158
111,324,164
182,280,176
175,408,139
207,292,183
205,432,114
416,358,164
72,104,149
317,87,187
26,319,150
405,21,158
273,295,144
36,367,124
412,193,152
458,60,140
293,67,100
419,98,162
377,389,168
328,162,122
437,429,161
75,31,104
181,372,124
391,223,161
56,280,120
487,483,162
136,245,113
284,462,157
181,267,106
101,220,169
169,244,185
348,466,194
498,78,153
15,96,130
363,104,151
196,154,121
40,475,196
338,326,107
357,29,150
405,121,152
353,283,175
154,120,150
34,436,149
487,110,129
475,43,154
421,2,124
318,186,123
126,483,119
165,6,197
110,343,103
12,124,108
103,164,198
200,55,152
414,154,197
226,413,174
327,121,140
12,305,134
315,179,130
490,262,122
213,276,139
229,422,178
10,99,121
120,166,105
360,197,148
457,423,179
246,63,123
458,94,116
254,59,165
413,383,126
453,316,156
19,221,167
257,363,129
268,188,129
199,129,151
39,25,113
186,58,128
495,52,183
35,61,179
300,485,105
69,413,155
115,298,112
399,217,115
271,448,138
377,96,121
401,214,195
365,4,184
482,316,123
139,98,158
88,500,138
298,395,165
126,293,104
395,127,174
195,63,108
97,84,183
427,245,174
165,263,124
307,451,196
222,235,152
113,224,168
476,423,103
108,493,177
112,205,122
334,221,182
321,196,191
305,9,103
361,487,134
302,109,143
409,383,144
64,475,184
416,133,147
34,489,135
30,142,194
233,148,180
361,317,160
276,379,119
403,281,125
182,33,175
473,409,109
48,398,133
292,351,101
11,112,188
263,199,151
59,438,185
310,264,119
213,424,197
291,149,110
201,255,120
463,486,156
469,84,105
124,424,126
111,237,110
44,230,133
350,402,123
437,149,149
313,38,128
48,76,150
51,273,108
72,260,118
134,57,159
237,208,115
161,424,158
216,426,109
469,354,157
1,69,130
300,154,146
303,428,116
340,227,133
223,363,110
224,205,100
90,335,112
325,353,187
194,428,168
244,400,199
386,132,188
470,29,128
402,114,193
114,169,159
482,486,133
473,207,194
67,281,154
333,53,143
459,68,112
241,300,184
446,203,199
393,90,183
72,261,119
210,12,142
406,213,159
433,41,159
492,431,192
5,3,189
287,198,162
405,257,163
146,406,147
336,159,141
326,55,107
324,355,151
2,364,138
71,167,102
122,156,168
312,219,114
103,209,126
250,381,120
286,300,121
455,85,156
188,179,106
250,332,118
409,159,125
90,485,185
359,383,135
208,60,139
401,388,181
106,311,117
166,147,195
36,387,172
206,107,114
394,184,138
202,146,101
35,145,178
487,277,109
264,237,110
379,146,140
393,453,127
80,98,190
63,227,161
193,58,156
144,294,148
352,201,188
481,446,124
434,454,118
21,446,136
466,23,164
113,263,182
274,74,135
380,83,169
263,37,164
