Hospital:1|81,25,3|1,2,3
Hospital:2|13,36,5|4,5,6,7,8
Hospital:3|30,77,8|9,10,11,12,13,14,15,16
Hospital:4|74,77,8|17,18,19,20,21,22,23,24
Hospital:5|42,18,4|25,26,27,28

Ambulance:1|81,25|290,83,23,69;273,83,26,87;151,78,29,133;241,80,31,139|81,25
Ambulance:2|81,25|24,84,21,100;152,80,15,116;182,84,15,58;191,90,25,96|81,25
Ambulance:3|81,25|245,77,15,62;122,82,13,88|81,25
Ambulance:9|30,77|3,32,69,144;44,32,74,67;113,34,81,108;32,23,78,68|30,77
Ambulance:10|30,77|11,31,88,96;214,33,86,142;54,38,80,107;89,42,78,139|30,77
Ambulance:11|30,77|22,30,63,104;25,36,69,114;52,34,86,136;2,16,77,94|30,77
Ambulance:12|30,77|97,34,66,90;231,37,69,136;215,39,72,118;240,37,84,133|30,77
Ambulance:13|30,77|135,21,84,127;160,15,78,83;82,39,71,89|30,77
Ambulance:14|30,77|35,46,78,141;63,32,92,75;60,27,91,142|30,77
Ambulance:15|30,77|110,14,76,80|30,77
Ambulance:16|30,77|128,40,84,57;61,38,87,76|30,77
Ambulance:17|74,77|291,72,78,124;154,75,80,135;168,80,74,145;30,77,76,137|74,77
Ambulance:18|74,77|155,70,82,119;277,75,85,84;174,80,80,136;9,83,79,79|74,77
Ambulance:19|74,77|28,77,68,137;294,69,68,99;138,68,69,149;105,67,70,129|74,77
Ambulance:20|74,77|18,81,69,103;229,61,74,103;57,74,93,118|74,77
Ambulance:21|74,77|252,66,85,74;178,65,86,117;244,68,87,53|74,77
Ambulance:22|74,77|227,82,88,89;98,74,96,137|74,77
Ambulance:23|74,77|86,82,65,67;267,77,60,86;87,68,62,83|74,77
Ambulance:24|74,77|210,59,84,71;217,61,85,143;55,70,94,119|74,77
Ambulance:4|13,36|15,13,41,80;13,15,33,66;107,16,35,75;148,12,35,149|13,36
Ambulance:5|13,36|131,6,37,112;228,5,38,73;31,13,45,83;161,19,31,130|13,36
Ambulance:6|13,36|289,9,29,98;156,22,39,65|13,36
Ambulance:7|13,36|132,15,49,144;251,15,49,121;262,7,27,143|13,36
Ambulance:8|13,36|17,4,43,62|13,36
Ambulance:25|42,18|95,44,18,91;170,44,15,143;91,43,12,109;50,39,13,90|42,18
Ambulance:26|42,18|133,34,16,116;194,51,17,142;198,50,17,97;153,49,20,115|42,18
Ambulance:27|42,18|223,34,24,132;111,40,28,77;246,41,7,133;43,41,5,101|42,18
Ambulance:28|42,18|235,40,5,94;144,31,24,116;164,53,23,116;212,55,20,144|42,18

