Hospital:1|76,80,3|1,2,3
Hospital:2|29,83,5|4,5,6,7,8
Hospital:3|78,25,8|9,10,11,12,13,14,15,16
Hospital:4|30,51,8|17,18,19,20,21,22,23,24
Hospital:5|29,16,4|25,26,27,28

Ambulance:4|29,83|113,34,81,108;52,34,86,136;214,33,86,142;11,31,88,96|29,83
Ambulance:4|29,83|3,32,69,144;109,35,92,112;65,26,97,141;69,24,95,149|29,83
Ambulance:5|29,83|173,28,93,125;60,27,91,142;135,21,84,127;240,37,84,133|29,83
Ambulance:6|29,83|54,38,80,107;32,23,78,68;239,18,83,60|29,83
Ambulance:7|29,83|63,32,92,75;44,32,74,67|29,83
Ambulance:8|29,83|128,40,84,57;61,38,87,76;261,20,86,146|29,83
Ambulance:25|29,16|206,28,12,133;16,26,11,119;263,26,20,133;133,34,16,116|29,16
Ambulance:26|29,16|144,31,24,116;124,25,22,123;92,25,21,97;10,30,6,125|29,16
Ambulance:27|29,16|50,39,13,90;223,34,24,132;222,31,26,106;225,28,30,115|29,16
Ambulance:28|29,16|91,43,12,109;170,44,15,143;95,44,18,91;269,26,29,81|29,16
Ambulance:1|76,80|30,77,76,137;174,80,80,136;277,75,85,84;154,75,80,135|76,80
Ambulance:2|76,80|168,80,74,145;9,83,79,79;291,72,78,124;155,70,82,119|76,80
Ambulance:3|76,80|57,74,93,118;227,82,88,89;28,77,68,137|76,80
Ambulance:9|78,25|151,78,29,133;241,80,31,139;273,83,26,87;290,83,23,69|78,25
Ambulance:10|78,25|152,80,15,116;245,77,15,62;24,84,21,100;191,90,25,96|78,25
Ambulance:11|78,25|169,67,22,131;1,68,28,115|78,25
Ambulance:12|78,25|259,77,12,52|78,25
Ambulance:13|78,25|146,69,19,89;103,64,26,126;221,76,38,72|78,25
Ambulance:14|78,25|122,82,13,88;292,65,27,114|78,25
Ambulance:15|78,25|27,71,34,110|78,25
Ambulance:16|78,25|77,76,9,77;182,84,15,58|78,25
Ambulance:17|30,51|264,30,52,108;150,30,57,76;219,34,53,65;88,32,52,66|30,51
Ambulance:18|30,51|83,29,57,62;145,23,52,64;51,26,45,99;48,31,44,132|30,51
Ambulance:19|30,51|22,30,63,104;250,36,58,115;203,37,54,83;296,26,43,89|30,51
Ambulance:20|30,51|260,23,58,110;101,42,49,120|30,51
Ambulance:21|30,51|204,36,60,107;195,32,38,79;58,30,35,124|30,51
Ambulance:22|30,51|36,43,55,77;132,15,49,144;251,15,49,121|30,51
Ambulance:23|30,51|104,16,55,130;118,14,53,66|30,51
Ambulance:24|30,51|181,40,59,97;93,40,61,84;97,34,66,90|30,51

